1049, 67, 1061, 1051, 1052, 929, 760, 210, 6, 3, 7
24, 119, 49, 6, 20, 6, 13, 17, 6, 1, 6
5704, 856, 797, 115, 837, 188, 0, 1293, 5, 6, 7
54970, 84, 60, 0, 4, 10, 1, 10, 0, 6, 7
209, 47, 13, 22, 2, 0, 0, 217, 7, 6, 7
840, 51, 44, 6, 8, 5, 16, 12, 6, 6, 6
2162, 337, 43, 284, 2608, 18, 90, 2593, 6, 6, 7
73, 50, 58, 0, 3, 25, 0, 0, 0, 1, 5
7, 54, 46, 3, 3, 91, 5, 9, 0, 1, 7
50, 50, 50, 0, 0, 0, 0, 0, 0, 0, 0
4473, 517, 328, 231, 460, 9, 9, 807, 6, 6, 7
67, 50, 26, 4, 0, 0, 0, 0, 0, 1, 3
48, 50, 29, 31, 2, 0, 0, 0, 0, 1, 3
9, 50, 8, 2, 9, 0, 0, 95, 0, 3, 6
5990, 216, 165, 1, 686, 14, 18, 738, 6, 6, 7
145, 55, 31, 7, 1690, 84, 17, 12, 6, 6, 7
729, 233, 42, 104, 23, 52, 1, 7, 0, 6, 7
5208, 168, 1600, 1307, 1693, 69, 11, 1439, 6, 6, 7
101097, 100030, 101047, 101002, 100893, 100880, 100881, 10406, 7, 6, 7
10, 50, 25, 3, 21, 22, 0, 0, 0, 1, 5
67, 65, 35, 4, 3, 162, 45, 5, 6, 6, 7
12, 50, 16, 12, 3, 0, 0, 7, 0, 1, 4
50, 51, 50, 0, 0, 0, 0, 0, 0, 3, 4
0, 50, 46, 0, 0, 1, 1, 0, 0, 1, 6
50, 50, 50, 0, 0, 0, 0, 0, 1, 1, 3
64, 55, 51, 9, 15, 17, 0, 2, 1, 3, 5
263, 713, 327, 292, 103, 21, 20, 226, 6, 6, 6
36, 50, 28, 11, 1, 5, 0, 0, 1, 3, 5
50, 50, 50, 0, 0, 0, 0, 0, 0, 0, 0
1717, 115, 908, 170, 355, 141, 22, 3355, 6, 6, 7
50, 50, 50, 0, 0, 0, 0, 0, 0, 0, 0
50, 50, 50, 0, 0, 0, 0, 0, 0, 5, 4
6961, 2015, 3034, 2478, 1131, 629, 46, 13541, 7, 6, 7
34, 50, 30, 3, 1, 22, 15, 0, 0, 1, 6
161, 60, 561, 13, 195, 6, 11, 86, 5, 6, 6
50, 50, 50, 0, 0, 0, 0, 0, 0, 0, 0
2827, 51, 264, 92, 425, 66, 6, 15, 7, 6, 7
52, 50, 50, 0, 0, 1, 0, 0, 4, 1, 6
50, 50, 50, 0, 0, 0, 0, 0, 0, 0, 0
54, 50, 50, 0, 0, 0, 0, 0, 0, 0, 1
50, 50, 50, 0, 0, 0, 0, 0, 0, 0, 0
50, 50, 50, 0, 0, 0, 0, 0, 0, 0, 0
50, 50, 50, 0, 0, 0, 0, 0, 1, 3, 3
52, 50, 53, 5, 0, 0, 0, 0, 0, 1, 3
32377, 977, 8, 60, 888, 82, 40, 4530, 6, 6, 7
2884, 56, 224, 166, 157, 0, 80, 154, 6, 6, 7
3504, 47, 79, 91, 120, 91, 23, 491, 5, 6, 6
50, 50, 50, 0, 0, 0, 0, 0, 0, 1, 1
50, 50, 50, 0, 0, 0, 0, 0, 0, 1, 0
50, 50, 50, 0, 0, 0, 0, 0, 0, 1, 1
50, 50, 50, 0, 0, 0, 0, 0, 0, 0, 0
122, 67, 70, 123, 202, 38, 16, 1239, 6, 5, 6
318, 103, 101, 4, 19, 100, 28, 132, 6, 6, 7
50, 50, 50, 0, 0, 0, 0, 0, 0, 0, 0
2485, 88, 1158, 8, 159, 24, 10, 1314, 6, 6, 6
4, 54, 44, 1, 70, 17, 0, 16, 4, 3, 6
50, 50, 50, 0, 0, 0, 0, 0, 0, 0, 0
50, 50, 50, 0, 0, 0, 0, 0, 0, 0, 0
50, 50, 50, 0, 0, 0, 0, 0, -1, -1, -1
12598, 4180, 113, 39, 131, 10, 13, 2, 5, 6, 6
40, 51, 1, 22, 0, 0, 0, 0, 0, 3, 3
50, 51, 50, 1, 1, 0, 0, 0, 0, 1, 1
50, 50, 50, 0, 0, 0, 0, 0, 0, 0, 0
110, 51, 1, 1, 27, 0, 2, 1, 0, 5, 6
3610, 278, 699, 31, 178, 27, 1, 3157, 6, 6, 6
-5928, -148, -49, -99, 1, -15, 0, 0, 4, 1, 3
22900, 111, 444, 439, 2201, 101, 1, 378, 6, 6, 7
42, 50, 25, 0, 0, 0, 0, 0, 0, 0, 3
50, 50, 50, 0, 0, 0, 0, 0, 0, 0, 0
373, 71, 45, 14, 4, 9, 0, 13, 1, 4, 5
50, 50, 50, 0, 0, 0, 0, 0, -1, -1, -1
50, 50, 50, 0, 0, 0, 0, 0, -1, -1, -1
15, 64, 140, 49, 104, 2, 0, 1, 0, 5, 5
50, 50, 50, 0, 0, 0, 0, 0, 0, 0, 0
59, 50, 53, 1, 0, 0, 0, 0, 0, 3, 1
119, 52, 8, 2, 11, 0, 0, 0, 0, 5, 5
50, 50, 50, 0, 0, 0, 0, 0, 0, 5, 3
3078, 866, 1125, 1177, 344, 17, 68, 4423, 6, 5, 7
1591, 747, 880, 35, 440, 455, 49, 7766, 6, 6, 7
557, 52, 2, 4, 9, 9, 0, 0, 5, 5, 5
27, 53, 41, 1, 0, 16, 0, 0, 5, 3, 5
20, 50, 26, 0, 2, 23, 0, 0, 0, 1, 5
50, 50, 50, 0, 0, 0, 0, 0, 0, 5, 1
37, 68, 30, 16, 28, 11, 2, 39, 6, 3, 6
50, 50, 50, 0, 0, 0, 0, 0, 0, 0, 0
12, 53, 2, 19, 40, 0, 0, 0, 1, 3, 4
50, 50, 50, 0, 0, 0, 0, 0, 0, 0, 0
50, 50, 50, 0, 0, 0, 0, 0, 0, 0, 0
51, 52, 15, 10, 0, 0, 0, 0, 0, 3, 5
50, 50, 50, 0, 0, 0, 0, 0, -1, -1, -1
50, 50, 50, 0, 0, 0, 0, 0, -1, -1, -1
14, 88, 1, 3, 83, 35, 0, 174, 0, 5, 5
31, 51, 35, 8, 1000, 0, 1, 0, 0, 1, 3
232, 66, 17, 18, 72, 83, 26, 294, 6, 5, 7
182, 66, 6, 3, 6, 1, 0, 0, 0, 3, 3
50, 50, 50, 0, 0, 0, 0, 0, 0, 0, 0
19, 52, 12, 7, 53, 24, 0, 0, 0, 5, 5
55, 50, 62, 3, 1, 2, 0, 0, 0, 0, 0
60, 50, 51, 2, 0, 0, 2, 0, 0, 0, 0
50, 50, 50, 0, 0, 0, 0, 0, 0, 3, 1
23, 0, 7, 2, 2, 0, 21, 0, 0, 1, 1
26, 50, 26, 2, 2, 0, 0, 0, 0, 3, 1
35, 50, 6, 0, 1, 1, 0, 0, 0, 3, 5
50, 50, 50, 0, 0, 0, 0, 0, 0, 0, 0
50, 50, 50, 0, 0, 0, 0, 0, 0, 0, 0
332, 130, 38, 15, 103, 24, 10, 11, 6, 6, 7
1004, 56, 80, 31, 3, 3, 24, 175, 1, 6, 7
0, 0, 0, 0, 0, 0, 0, 0, 0, 0, 0
4481, 36, 536, 128, 290, 24, 1, 1039, 6, 6, 6
57, 4, 2, 7, 2, 0, 0, 0, 0, 0, 3
0, 0, 0, 0, 0, 0, 0, 0, 0, 0, 0
3, 0, 0, 0, 0, 0, 0, 2, 0, 1, 0
196, 203, 93, 20, 58, 97, 8, 0, 0, 0, 6
0, 0, 0, 0, 0, 0, 0, 0, 0, 0, 0
0, 0, 0, 0, 0, 0, 0, 0, 0, 0, 0
0, 0, 0, 0, 0, 0, 0, 0, 0, 0, 0
567, 11, 24, 17, 6, 38, 0, 0, 0, 3, 6
27, 6, 48, 7, 1, 10, 6, 0, 6, 4, 6
421, 0, 11, 0, 3, 0, 0, 9, 1, 1, 1
132, 3, 3, 5, 4, 0, 0, 15, 0, 1, 1
5, 0, 0, 0, 1, 0, 0, 3, 0, 0, 0
230, 48, 73, 27, 97, 6, 25, 467, 6, 6, 7
0, 0, 0, 0, 0, 0, 0, 0, 0, 0, 0
914, 28, 232, 17, 1, 0, 0, 8, 4, 6, 6
12, 0, 11, 1, 0, 0, 0, 0, 0, 1, 3
15, 2, 1, 1, 3, 0, 0, 4, 0, 1, 4
2, 0, 0, 0, 0, 0, 0, 2, 0, 0, 0
1630, 1287, 992, 278, 910, 225, 50, 1403, 6, 6, 7
17, 41, 1, 2, 0, 0, 0, 0, 0, 0, 1
4, 0, 3, 0, 1, 1, 5, 0, 0, 0, 0
1, 0, 4, 0, 1, 0, 0, 0, 0, 1, 4
726, 50, 480, 27, 310, 12, 90, 1900, 6, 6, 7
5, 6, 6, 2, 1, 0, 19, 2, 6, 3, 6
26, 2, 18, 2, 0, 0, 0, 0, 1, 1, 1
6, 0, 0, 0, 0, 0, 0, 0, 0, 0, 0
38, 15, 99, 0, 21, 16, 5, 0, 6, 1, 6
6, 3, 10, 10, 4, 0, 0, 0, 1, 1, 4
0, 0, 0, 0, 0, 0, 0, 0, 0, 0, 0
0, 0, 2, 4, 0, 0, 0, 0, 0, 0, 0
2, 0, 0, 0, 0, 0, 0, 0, 0, 0, 0
937, 5, 353, 32, 158, 13, 1, 597, 6, 5, 7
4453, 166, 100, 15, 126, 78, 20, 166, 6, 6, 6
63, 3, 4, 2, 8, 11, 0, 1, 0, 3, 6
34, 8, 13, 2, 42, 1, 0, 4, 6, 5, 6
338, 34, 1012, 15, 112, 24, 2, 408, 6, 6, 6
240, 4, 38, 4, 17, 3, 0, 117, 5, 5, 5
79, 0, 7, 0, 0, 0, 0, 0, 0, 0, 1
269, 24, 90, 18, 355, 5, 8, 269, 5, 5, 6
1, 0, 0, 0, 0, 0, 0, 0, 0, 0, 0
34, 0, 0, 0, 0, 0, 0, 0, 0, 0, 0
949, 487, 101, 89, 407, 14, 21, 505, 6, 6, 7
139, 2, 10, 0, 9, 5, 0, 1, 1, 5, 5
3, 15, 2, 4, 2, 2, 16, 0, 0, 4, 7
0, 0, 0, 2, 1, 1, 0, 0, 0, 0, 0
87, 8, 34, 20, 23, 16, 0, 0, 0, 3, 5
0, 0, 0, 0, 0, 0, 0, 0, 0, 0, 0
112, 1, 8, 2, 0, 3, 0, 0, 0, 1, 6
1826, 0, 4, 24, 2, 0, 0, 0, 0, 1, 1
2, 3, 12, 2, 19, 0, 0, 0, 0, 0, 3
62, 122, 186, 8, 683, 18, 7, 216, 1, 6, 7
95, 16, 12, 24, 5, 7, 3, 1, 6, 6, 6
1, 0, 1, 0, 2, 0, 0, 4, 0, 0, 0
0, 0, 0, 0, 0, 0, 0, 0, 0, 0, 0
58, 135, 13, 76, 20, 3, 55, 51, 6, 4, 7
78, 1, 6, 1, 13, 6, 4, 3, 6, 6, 6
11, 1, 16, 3, 1, 0, 0, 0, 1, 1, 3
140, 0, 18, 10, 0, 0, 0, 0, 0, 3, 3
30, 11, 2, 28, 0, 0, 0, 3, 0, 1, 3
6, 3, 1, 0, 0, 0, 0, 0, 0, 0, 0
8, 0, 0, 0, 0, 0, 0, 0, 0, 0, 0
0, 0, 0, 0, 0, 0, 0, 0, 0, 0, 0
48, 0, 5, 1, 0, 0, 7, 0, 0, 1, 6
16, 1, 7, 0, 1, 0, 0, 0, 0, 1, 1
117, 159, 72, 12, 5, 1, 2, 253, 1, 5, 6
7, 0, 2, 0, 0, 0, 0, 0, 0, 1, 1
13, 0, 0, 0, 0, 0, 0, 0, 0, 0, 0
0, 0, 0, 0, 0, 0, 0, 0, 0, 0, 0
660, 8, 42, 9, 18, 0, 0, 1, 4, 4, 4
1, 1, 2, 7, 3, 0, 0, 2, 0, 3, 4
12, 4, 2, 0, 0, 0, 0, 0, 0, 1, 1
33, 1, 38, 3, 8, 0, 0, 0, 0, 3, 1
18, 258, 1, 0, 2, 3, 0, 6, 6, 0, 7
63, 19, 31, 26, 18, 28, 2, 0, 0, 3, 6
5, 0, 0, 0, 1, 2, 0, 0, 0, 0, 0
0, 0, 0, 0, 0, 0, 0, 0, 0, 0, 0
5, 0, 1, 0, 0, 0, 0, 0, 0, 0, 0
3, 0, 0, 6, 0, 3, 0, 0, 0, 0, 6
0, 0, 0, 0, 0, 0, 0, 0, 0, 0, 0
3, 0, 0, 0, 0, 0, 0, 0, 0, 0, 0
29, 2, 14, 5, 0, 0, 0, 0, 0, 1, 1
42, 1, 13, 1, 0, 0, 0, 0, 0, 1, 1
27, 1, 0, 0, 0, 3, 2, 0, 0, 1, 6
34, 8, 2, 5, 4, 13, 0, 33, 1, 3, 5
210, 1, 6, 3, 3, 29, 0, 0, 0, 0, 5
1168, 0, 0, 0, 0, 0, 0, 0, 0, 0, 0
4, 0, 49, 0, 0, 0, 0, 0, 0, 1, 3
19, 3, 27, 6, 8, 0, 0, 0, 6, 1, 6
15, 0, 0, 0, 0, 0, 0, 0, 1, 1, 0
30, 0, 0, 3, 0, 0, 0, 0, 0, 1, 1
41, 0, 0, 2, 0, 0, 0, 0, 0, 1, 0
17, 0, 0, 0, 0, 0, 0, 0, 0, 0, 0
74, 0, 5, 19, 2, 0, 0, 0, 1, 1, 3
29, 2, 12, 0, 0, 0, 0, 0, 0, 1, 1
10, 0, 1, 0, 2, 3, 0, 0, 0, 0, 0
159, 0, 0, 0, 0, 0, 0, 0, 0, 1, 0
1000, 0, 0, 0, 100, 0, 0, 0, 0, 0, 0
52, 0, 44, 0, 0, 0, 0, 0, 0, 1, 1
4, 0, 5, 9, 0, 0, 0, 0, 0, 0, 3
494, 0, 103, 3, 2, 0, 0, 0, 0, 1, 0
10, 0, 0, 0, 0, 0, 0, 0, 0, 1, 0
16, 2, 10, 0, 0, 0, 0, 0, 1, 1, 1
16, 4, 1, 1, 2, 3, 1, 0, 0, 1, 6
11, 5, 0, 0, 3, 0, 0, 0, 1, 3, 4
9, 0, 0, 0, 0, 0, 0, 0, 0, 1, 0
46, 6, 0, 12, 0, 0, 0, 0, 0, 0, 3
1, 2, 19, 2, 5, 0, 0, 0, 0, 0, 3
0, 0, 0, 0, 0, 0, 0, 0, 0, 0, 0
377, 0, 1, 0, 15, 9, 0, 0, 0, 0, 5
7, 0, 54, 0, 9, 0, 0, 0, 0, 0, 3
24, 0, 0, 0, 0, 0, 0, 0, 0, 0, 0
25, 0, 4, 0, 0, 4, 0, 0, 0, 1, 5
18, 0, 0, 0, 0, 0, 0, 0, 0, 1, 0
0, 0, 0, 0, 0, 0, 0, 0, 0, 0, 0
14, 1, 1, 0, 0, 0, 0, 0, 0, 0, 1
2, 0, 0, 0, 0, 0, 0, 0, 0, 0, 0
13, 0, 4, 0, 0, 0, 0, 0, 0, 1, 1
0, 0, 1, 0, 1, 1, 0, 0, 0, 0, 0
0, 0, 2, 1, 0, 1, 0, 0, 0, 0, 0
0, 0, 6, 3, 0, 0, 0, 0, 0, 0, 0
0, 0, 0, 0, 1, 3, 0, 0, 0, 0, 0